P0: 1.28721535e+03 0.00000000e+00 7.12297434e+02 0.00000000e+00 0.00000000e+00 1.28788300e+03, 4.72065801e+02 0.00000000e+00 0.00000000e+00 0.00000000e+00 1.00000000e+00 0.00000000e+00